+------------+------------------------+------------------------+------------------------+------------------------+-------------------------+
|                                                          Performance comparison                                                          |
+------------+------------------------+------------------------+------------------------+------------------------+-------------------------+
| Conditions | Finder::FullScan       | Finder::Hash           | Finder::RedBlackTree   | Finder::BPlusTree      | Finder::BPlusTreeSimple |
+------------+------------------------+------------------------+------------------------+------------------------+-------------------------+
| #0         | 0.010437831670666734   | 3.4780241549015045e-06 | 3.222026862204075e-06  | 3.4326609844962754e-06 | 7.325666956603527e-06   |
| #1         | 3.628665581345558e-06  | 3.18232923746109e-06   | 2.3310227940479913e-06 | 8.051671708623568e-06  | 6.567997237046559e-06   |
| #2         | 1.216734138627847e-06  | 1.8716867392261822e-06 | 4.8476892213026685e-06 | 2.6876417299111686e-06 | 5.9300024683276815e-06  |
| #3         | 1.2056358779470127e-06 | 2.030011576910814e-06  | 3.720672490696112e-06  | 9.683310054242611e-06  | 5.935706819097201e-06   |
| #4         | 1.1023366823792458e-06 | 3.5396854703625045e-06 | 2.1846887345115342e-06 | 2.8466650595267615e-06 | 6.112658108274142e-06   |
| #5         | 1.0456424206495285e-06 | 3.191293217241764e-06  | 2.0053315286835036e-06 | 2.734013833105564e-06  | 6.453677391012509e-06   |
| #6         | 1.0329919556776683e-06 | 2.5756501903136573e-06 | 1.8689703817168872e-06 | 2.6250102867682776e-06 | 5.480639326075713e-06   |
| #7         | 1.0287233938773472e-06 | 4.320327813426654e-06  | 1.7296600465973218e-06 | 2.7650191138188043e-06 | 5.618358651796977e-06   |
| #8         | 1.0710209608078003e-06 | 4.426692612469196e-06  | 3.882024126748244e-06  | 2.850661985576153e-06  | 6.687672187884648e-06   |
| #9         | 1.113008086880048e-06  | 4.4033707429965334e-06 | 1.843630646665891e-06  | 4.370037155846755e-06  | 5.704350769519806e-06   |
| #10        | 1.112697646021843e-06  | 2.9766233637928963e-06 | 3.855985899766286e-06  | 2.81531053284804e-06   | 6.6089754303296404e-06  |
| #11        | 1.0419947405656178e-06 | 5.127978511154652e-06  | 1.791709413131078e-06  | 2.5623400385181108e-06 | 6.52861005316178e-06    |
+------------+------------------------+------------------------+------------------------+------------------------+-------------------------+
| Total sum  | 0.010452431122151514   | 4.112367363025745e-05  | 3.328341214607159e-05  | 4.7424342483282076e-05 | 7.49543153991302e-05    |
+------------+------------------------+------------------------+------------------------+------------------------+-------------------------+